YYYY MM     ESPI       EI       LI
1979  1  1.01533  0.70899 -1.35373
1979  2  0.70502  0.57587 -0.80529
1979  3  0.17286  0.14736 -0.17722
1979  4 -0.15151 -0.44814 -0.35412
1979  5 -0.09556 -0.41571 -0.37703
1979  6 -1.12730 -1.47575  0.58590
1979  7 -0.87678 -0.73523  0.87538
1979  8  0.65850  0.24249 -1.03224
1979  9 -0.36576 -0.26648  0.44371
1979 10 -0.02439  0.32829  0.42260
1979 11 -0.21269 -0.29023  0.08029
1979 12  0.34097  0.15725 -0.59780
1980  1 -0.73733 -0.90042  0.38642
1980  2 -0.46183 -0.83250 -0.18580
1980  3  0.41208  0.26565 -0.53950
1980  4 -0.33693 -0.54297 -0.09920
1980  5  0.75912  0.03363 -1.51276
1980  6 -0.13139 -0.22713  0.00412
1980  7  0.56630 -0.08166 -1.21206
1980  8 -0.97505 -0.72457  1.12463
1980  9  0.10593 -0.27662 -0.53304
1980 10 -0.08550 -0.41338 -0.29160
1980 11  0.35061  0.16501 -0.58276
1980 12 -0.83272 -0.94767  0.61645
1981  1 -0.59035 -0.67229  0.38465
1981  2  0.38788  0.21179 -0.60761
1981  3  0.81679  0.54269 -1.04729
1981  4  0.71754  0.56911 -0.67973
1981  5 -0.68481 -0.69716  0.44508
1981  6 -0.49371 -0.59111  0.32086
1981  7 -0.42197 -0.36573  0.40749
1981  8  0.31676  0.25877 -0.33953
1981  9 -0.91030 -1.10791  0.59582
1981 10 -0.57056 -0.82221  0.24894
1981 11 -0.84225 -0.83892  0.76398
1981 12 -0.21343 -0.31682  0.04734
1982  1 -0.66956 -0.56525  0.74153
1982  2 -0.31302 -0.64840 -0.25777
1982  3 -0.17107 -0.28539 -0.01527
1982  4 -0.16953 -0.45748 -0.32952
1982  5 -0.04837 -0.41739 -0.47627
1982  6  0.43734  0.34403 -0.49324
1982  7  2.21935  1.74572 -2.34978
1982  8  1.64897  1.47486 -1.62633
1982  9  1.88772  1.53366 -2.10897
1982 10  1.94788  1.93977 -1.83290
1982 11  2.95648  3.00979 -2.58836
1982 12  1.96181  2.32420 -1.31522
1983  1  2.46852  2.67142 -1.82467
1983  2  2.05954  2.29874 -1.38659
1983  3  1.54509  2.17973 -0.40574
1983  4  1.43562  2.33298  0.45226
1983  5  1.53672  3.02782  1.01929
1983  6  1.42148  2.08197 -0.48145
1983  7 -1.06271 -0.82403  1.13899
1983  8 -0.05397 -0.40715 -0.34326
1983  9 -0.52924 -0.67615  0.30979
1983 10 -0.72171 -0.87883  0.49759
1983 11 -0.56305 -0.63549  0.40344
1983 12 -0.85765 -0.71012  1.03288
1984  1 -1.25177 -0.85952  1.69154
1984  2 -1.33421 -0.88428  1.84597
1984  3 -0.85274 -0.50223  1.18128
1984  4 -1.43883 -0.56425  2.23839
1984  5 -1.61688 -0.59919  2.49454
1984  6 -1.12579 -0.81584  1.35085
1984  7 -0.99987  0.03751  2.01610
1984  8 -1.28313 -1.22909  1.17552
1984  9 -1.36597 -1.01351  1.63614
1984 10 -0.66674 -0.57713  0.72581
1984 11  0.11030 -0.13686 -0.45460
1984 12 -0.60780 -0.79024  0.30246
1985  1 -0.06814 -0.18338 -0.11931
1985  2 -0.86248 -0.78650  0.85666
1985  3  0.13296  0.12648 -0.11837
1985  4 -0.87846 -0.81070  0.65923
1985  5 -1.27089 -1.07478  1.12807
1985  6 -0.65110 -0.92868  0.24956
1985  7 -0.50059 -0.51025  0.39467
1985  8 -0.52678 -0.74280  0.21944
1985  9 -0.86167 -0.97789  0.64498
1985 10 -0.51608 -0.70765  0.26603
1985 11 -0.69526 -0.66315  0.67285
1985 12 -0.29472 -0.54437 -0.09456
1986  1 -1.19314 -1.36892  0.76167
1986  2 -0.54349 -0.77913  0.09560
1986  3 -1.61581 -1.41668  1.60305
1986  4 -1.08110 -0.78462  1.13464
1986  5  0.21204 -0.25478 -0.78687
1986  6 -0.20274 -0.23335  0.14267
1986  7 -0.03018 -0.38221 -0.38456
1986  8  0.07082 -0.39490 -0.57610
1986  9  0.02135 -0.25479 -0.33501
1986 10  0.07670  0.10997 -0.03410
1986 11  0.13686  0.26696  0.06360
1986 12  1.80845  1.61231 -2.00590
1987  1  0.51243  0.95144  0.23542
1987  2  1.10648  1.06741 -1.00748
1987  3  1.52377  1.03171 -1.92744
1987  4  2.01767  1.51106 -2.04673
1987  5  2.14975  1.94335 -1.73535
1987  6  1.30243  1.44251 -0.98243
1987  7  2.21963  2.46076 -1.51950
1987  8  0.76478  1.12935 -0.26231
1987  9  1.73081  1.42596 -1.91104
1987 10  0.80438  0.67356 -0.90139
1987 11  0.31182  0.31249 -0.28012
1987 12  0.33941  0.27545 -0.41710
1988  1  0.04456 -0.05438 -0.19172
1988  2  0.06427 -0.01758 -0.18322
1988  3 -0.83400 -0.91287  0.57925
1988  4  0.49703  0.24556 -0.69639
1988  5 -0.81966 -0.66095  0.77198
1988  6 -0.74217 -0.91240  0.45462
1988  7 -0.58217 -0.60719  0.44295
1988  8 -1.22153 -0.45090  1.91362
1988  9 -1.19459 -1.04869  1.24525
1988 10 -1.09863 -0.71930  1.45856
1988 11 -1.85008 -1.13409  2.69660
1988 12 -0.87337 -0.60747  1.22491
1989  1 -0.78329 -0.74046  0.74491
1989  2 -0.86944 -0.67790  1.04366
1989  3 -0.76500 -0.74176  0.66191
1989  4 -0.65488 -0.75975  0.25570
1989  5 -0.72076 -0.63244  0.60818
1989  6 -0.00997  0.19460  0.24686
1989  7 -0.22140  0.21684  0.68874
1989  8 -0.77784 -1.05604  0.36907
1989  9  0.00471 -0.02882 -0.04258
1989 10 -0.70657 -0.82754  0.52441
1989 11 -0.24894 -0.30307  0.14661
1989 12  0.25851  0.07574 -0.51829
1990  1  0.09334  0.13019 -0.02384
1990  2  0.98115  0.74213 -1.21359
1990  3  0.74089  0.48717 -0.95692
1990  4  0.48188  0.31373 -0.56038
1990  5  0.17294  0.12143 -0.18773
1990  6 -0.53726 -0.61482  0.38224
1990  7  0.30840  0.15199 -0.43179
1990  8  0.36216 -0.05200 -0.77249
1990  9 -0.03950 -0.52691 -0.52167
1990 10 -0.16341 -0.34149 -0.04885
1990 11  0.28412  0.41661 -0.06571
1990 12  0.72101  0.45533 -1.08031
1991  1 -0.01650 -0.20389 -0.27571
1991  2 -0.07319 -0.36837 -0.39990
1991  3  0.62531  0.71841 -0.38790
1991  4 -0.02790  0.21370  0.38427
1991  5  0.77713  0.64893 -0.70124
1991  6  1.27460  1.06603 -1.36374
1991  7  0.83845  0.49575 -1.07801
1991  8  0.95747  0.85435 -0.94656
1991  9  0.90521  0.93872 -0.77885
1991 10  0.70264  0.45135 -0.94268
1991 11  1.52343  1.67623 -1.15363
1991 12  0.59275  0.55372 -0.61965
1992  1  2.36302  1.93500 -2.70963
1992  2  1.62374  1.34381 -1.82723
1992  3  2.57237  2.44152 -2.29773
1992  4  1.66474  1.50803 -1.29225
1992  5  1.71646  1.41570 -1.57307
1992  6  0.84234  0.68303 -0.92625
1992  7  0.03925 -0.26971 -0.39082
1992  8 -0.11165 -0.57292 -0.41251
1992  9  0.43427  0.60573 -0.19597
1992 10 -0.90982 -0.48343  1.33513
1992 11  0.62404  0.43015 -0.84115
1992 12  0.35649  0.44562 -0.20416
1993  1  0.16607  0.06751 -0.29640
1993  2  0.70837  0.49331 -0.94276
1993  3  0.70548  0.48450 -0.88304
1993  4  1.33938  1.05858 -1.27445
1993  5  1.11693  0.96054 -0.96940
1993  6  0.73234  0.63616 -0.75602
1993  7  0.20988  0.37918  0.02656
1993  8  0.57853  0.40677 -0.69287
1993  9  0.15500  0.13797 -0.15939
1993 10  0.77563  1.03197 -0.43562
1993 11  0.17294 -0.16949 -0.64800
1993 12  0.15359  0.19435 -0.08442
1994  1  0.12552 -0.18837 -0.59450
1994  2 -0.13718 -0.32013 -0.16934
1994  3 -0.81079 -0.99329  0.41855
1994  4  0.26879  0.04621 -0.50799
1994  5  0.16057 -0.00269 -0.33352
1994  6  0.59798  0.67005 -0.44205
1994  7  1.02119  1.12649 -0.70562
1994  8  0.70690  0.90694 -0.39375
1994  9  1.27871  1.67048 -0.70638
1994 10  1.27880  0.97957 -1.53645
1994 11  0.84742  0.58452 -1.14167
1994 12  1.14523  1.31774 -0.82621
1995  1  0.34518  0.36350 -0.27070
1995  2 -0.09856 -0.41863 -0.41719
1995  3 -0.51966 -0.70315  0.17739
1995  4  0.38868  0.35410 -0.29865
1995  5  0.13914 -0.24933 -0.62963
1995  6 -0.09679  0.17285  0.39894
1995  7 -0.17231 -0.28761  0.00574
1995  8 -1.37162 -1.22119  1.35896
1995  9 -1.14092 -1.11589  1.05857
1995 10 -0.51376 -0.70161  0.26807
1995 11 -1.21603 -0.96753  1.45324
1995 12 -0.90780 -0.79046  1.03516
1996  1 -0.98519 -0.65428  1.36564
1996  2 -1.22801 -1.04842  1.33159
1996  3 -0.22198 -0.46246 -0.14569
1996  4 -0.63879 -0.76167  0.21817
1996  5 -0.41190 -0.62442 -0.01513
1996  6 -0.16137 -0.37714 -0.10921
1996  7 -0.42737 -0.82702 -0.11785
1996  8 -0.51051 -0.22093  0.76386
1996  9 -0.43937 -0.77948  0.00773
1996 10 -0.96602 -0.85345  1.03203
1996 11 -0.63504 -0.47412  0.80367
1996 12 -1.05080 -0.94628  1.15139
1997  1  0.17659 -0.20125 -0.73771
1997  2 -0.89825 -0.73040  1.03118
1997  3  1.26246  1.17157 -1.16411
1997  4  1.24804  1.17459 -0.90198
1997  5  2.13609  1.97738 -1.66036
1997  6  3.53095  3.37359 -3.28857
1997  7  1.95745  2.45029 -1.01445
1997  8  2.99355  3.37697 -2.17966
1997  9  3.06050  3.11977 -2.69505
1997 10  3.20304  3.55900 -2.59535
1997 11  2.13268  2.88700 -0.83839
1997 12  2.28455  2.36665 -2.04030
1998  1  2.47553  3.03959 -1.27183
1998  2  1.96814  2.70274 -0.53221
1998  3  1.34651  2.46134  0.41385
1998  4  1.11937  2.69460  1.68111
1998  5  1.01023  1.62989  0.17281
1998  6 -0.88174 -0.49332  1.22754
1998  7 -0.27011  0.74223  1.39531
1998  8 -0.97050  0.00577  1.92250
1998  9 -1.17287 -1.00447  1.25135
1998 10 -1.01313 -1.06855  0.88573
1998 11 -1.08407 -1.04487  1.03352
1998 12 -0.98407 -1.06461  0.81123
1999  1 -1.14810 -0.87794  1.41278
1999  2 -0.80235 -0.77379  0.73094
1999  3 -0.97757 -0.71714  1.16105
1999  4 -1.69740 -0.76089  2.49614
1999  5 -1.31440 -1.15246  1.11031
1999  6 -0.60652 -0.81059  0.29591
1999  7 -0.96072 -1.21708  0.48107
1999  8 -1.30330 -1.25776  1.18367
1999  9 -0.29173 -0.37872  0.16389
1999 10 -0.92281 -0.65030  1.17287
1999 11 -0.73938 -0.76756  0.62597
1999 12 -1.06910 -0.93703  1.20994
2000  1 -1.00105 -0.92345  0.98739
2000  2 -0.95071 -0.55166  1.43831
2000  3 -0.75159 -0.42659  1.06313
2000  4 -0.98210 -0.75759  0.96273
2000  5 -0.69274 -0.43453  0.82356
2000  6 -1.62835 -1.05791  2.09602
2000  7  0.04638  0.03228 -0.05399
2000  8 -1.16031 -1.33708  0.81374
2000  9  0.28711  0.43948 -0.08496
2000 10 -1.17446 -1.11840  1.16314
2000 11 -0.70760 -0.67605  0.68316
2000 12 -0.47222 -0.48275  0.43138
2001  1 -0.93738 -0.73310  1.12827
2001  2 -1.09959 -0.99885  1.09822
2001  3 -0.97516 -0.89263  0.91602
2001  4 -0.86644 -0.97561  0.38316
2001  5 -0.17695 -0.57516 -0.42976
2001  6 -0.97573 -1.22021  0.57360
2001  7  0.47214 -0.20025 -1.16410
2001  8 -0.17648  0.04826  0.40175
2001  9  0.09751  0.59687  0.48298
2001 10 -0.39585 -0.41687  0.34679
2001 11 -0.74356 -0.70612  0.72404
2001 12  0.37255  0.49711 -0.16635
2002  1 -0.05427  0.01082  0.14775
2002  2  0.60475  0.50991 -0.66579
2002  3  0.27341  0.12633 -0.42616
2002  4 -0.12602 -0.41122 -0.35292
2002  5  0.21128 -0.11900 -0.59805
2002  6  0.44943  0.27223 -0.60150
2002  7  1.70256  1.42005 -1.70870
2002  8  0.93982  1.27277 -0.44945
2002  9  1.77720  1.86599 -1.50281
2002 10  1.50342  1.35509 -1.57571
2002 11  0.91197  0.87337 -0.87752
2002 12  1.52927  1.69648 -1.19775
2003  1  0.81898  0.71276 -0.87393
2003  2  0.22479  0.28301 -0.10102
2003  3 -0.05283 -0.15238 -0.09249
2003  4  0.30221  0.12880 -0.45453
2003  5 -0.29548  0.15625  0.82235
2003  6  1.09819  0.47620 -1.68973
2003  7 -0.46642 -0.36653  0.49425
2003  8 -0.05095 -0.36233 -0.29970
2003  9 -0.55743 -0.82102  0.20180
2003 10 -0.36216 -0.53011  0.14869
2003 11  0.08533 -0.06581 -0.29411
2003 12 -0.42965 -0.58377  0.17616
2004  1  0.28436 -0.03009 -0.73299
2004  2 -0.13191 -0.26900 -0.10198
2004  3  0.03492 -0.38218 -0.59860
2004  4  0.96500  0.63914 -1.10568
2004  5 -1.51531 -1.46566  1.09102
2004  6  0.38996  0.80446  0.13946
2004  7 -0.01871 -0.48183 -0.52295
2004  8  1.56144  1.66029 -1.24866
2004  9 -0.01903 -0.09820 -0.07335
2004 10  0.38020  0.37256 -0.36462
2004 11  0.53607  0.30113 -0.82083
2004 12  0.37089  0.04689 -0.83608
2005  1 -0.09497 -0.41217 -0.40861
2005  2  1.11161  1.13412 -0.91539
2005  3 -0.09212 -0.18555 -0.05175
2005  4 -0.07704 -0.04859  0.09196
2005  5  0.14563 -0.18481 -0.55398
2005  6  0.34321 -0.06954 -0.78223
2005  7 -0.74921 -0.98373  0.33497
2005  8 -0.05716 -0.50803 -0.44840
2005  9 -0.47353 -0.54251  0.34861
2005 10 -0.50651 -0.30930  0.69774
2005 11 -0.85052 -0.98405  0.57476
2005 12 -1.16222 -1.06974  1.23887
2006  1 -0.61427 -0.72353  0.36312
2006  2 -0.88454 -0.93467  0.67795
2006  3 -0.89015 -0.87881  0.74875
2006  4 -1.05275 -1.18007  0.47363
2006  5 -0.17708 -0.54924 -0.39373
2006  6 -0.77521 -0.96586  0.45991
2006  7  0.44214  0.27816 -0.54901
2006  8  0.34117  0.35236 -0.28432
2006  9  0.09993  0.12816 -0.05793
2006 10  1.34597  1.43545 -1.15874
2006 11  1.55183  1.27909 -1.79077
2006 12  0.42455  0.43136 -0.39181
2007  1  0.21564  0.48554  0.23085
2007  2  0.09137 -0.23262 -0.58576
2007  3 -0.21103 -0.59364 -0.34887
2007  4 -0.38787 -0.59801 -0.07317
2007  5 -0.19556 -0.52516 -0.32259
2007  6 -0.70667 -0.72537  0.59973
2007  7 -1.40595 -1.36272  1.19020
2007  8 -0.61157 -0.72237  0.40943
2007  9 -0.95129 -0.75933  1.07826
2007 10 -0.45497 -0.49030  0.38591
2007 11 -0.78811 -0.58171  1.00702
2007 12 -0.98459 -0.81311  1.18890
2008  1 -0.25471 -0.26065  0.21147
2008  2 -1.18351 -0.88047  1.48696
2008  3 -1.10377 -0.83326  1.27878
2008  4 -1.30726 -1.18513  1.01334
2008  5 -0.68151 -0.27653  1.01838
2008  6 -0.88290 -0.94937  0.69914
2008  7 -0.84032 -0.68743  0.85898
2008  8 -0.79975 -0.44280  1.08981
2008  9 -0.48213 -0.76036  0.11710
2008 10 -0.88310 -0.67550  1.06212
2008 11 -1.16974 -1.06292  1.20792
2008 12 -1.16012 -1.01855  1.31035
2009  1 -0.68740 -0.60812  0.71823
2009  2 -0.96414 -0.73430  1.18465
2009  3 -0.69954 -0.76302  0.48952
2009  4 -0.86938 -0.69644  0.81310
2009  5 -0.63202 -0.76850  0.23829
2009  6  0.29816  0.20104 -0.37526
2009  7  0.32415  0.89237  0.39744
2009  8  0.87152  0.61190 -1.04470
2009  9  0.28839  0.45294 -0.07217
2009 10  0.71448  0.67982 -0.70821
2009 11 -0.24659 -0.19071  0.30258
2009 12  1.21623  1.33143 -0.97920
2010  1  1.00578  1.15464 -0.64101
2010  2  2.00625  2.30544 -1.24700
2010  3  0.62486  0.86324 -0.18907
2010  4  0.66273  0.51691 -0.64104
2010  5 -0.18582  0.46828  1.02743
2010  6 -0.80504  0.10793  1.77058
2010  7 -1.17543 -0.89890  1.27436
2010  8 -1.68569 -1.30932  1.88170
2010  9 -1.16834 -0.26838  2.08377
2010 10 -1.38906 -0.92978  1.82110
2010 11 -0.82952 -0.53275  1.17420
2010 12 -0.99563 -0.82130  1.20362
2011  1 -0.95504 -0.43236  1.63630
2011  2 -0.97688 -0.68154  1.29817
2011  3 -1.66771 -0.98474  2.30680
2011  4 -1.10085 -1.13401  0.64698
2011  5 -0.94569 -0.75606  0.89967
2011  6 -1.14128 -0.92474  1.25577
2011  7 -0.42466 -0.10496  0.71579
2011  8 -0.04856 -0.05091  0.03963
2011  9 -0.73505 -0.52379  0.90514
2011 10 -0.23490 -0.32531  0.11746
2011 11 -0.44671 -0.59493  0.18967
2011 12 -1.29060 -1.15661  1.42255
2012  1 -0.73538 -0.76842  0.58599
2012  2 -0.52528 -0.28279  0.82917
2012  3 -1.37498 -1.28634  1.25372
2012  4 -0.40796 -0.74111 -0.24709
2012  5 -1.03549 -0.78833  1.03962
2012  6 -0.55555 -0.47975  0.57681
2012  7 -0.67690 -0.75182  0.46179
2012  8  0.27935  0.05502 -0.49076
2012  9  0.04974  0.38725  0.34102
2012 10  0.17407 -0.13591 -0.51433
2012 11 -0.19069 -0.24881  0.08837
2012 12 -0.15243 -0.28022 -0.04692
2013  1 -0.48993 -0.62656  0.21301
2013  2 -0.78834 -0.72324  0.77621
2013  3  0.28683 -0.06417 -0.71578
2013  4 -1.34545 -1.18802  1.09110
2013  5 -0.87263 -0.73686  0.77609
2013  6 -0.71650 -0.67579  0.67752
2013  7 -2.05964 -1.83693  1.92875
2013  8 -0.74688 -0.62011  0.78955
2013  9 -0.75063 -0.76808  0.65769
2013 10 -0.18233 -0.41766 -0.09604
2013 11 -0.45609 -0.50925  0.33472
2013 12 -0.80907 -0.83000  0.73476
2014  1 -0.30051 -0.28332  0.28697
2014  2  0.45847  0.21441 -0.77449
2014  3  0.77458  0.68955 -0.75423
2014  4  1.30984  1.17620 -1.03245
2014  5  0.66205  0.62808 -0.49362
2014  6  0.50777  0.34325 -0.63804
2014  7  0.11128  1.10047  1.05918
2014  8  0.14441  0.12676 -0.14508
2014  9  0.21027  0.36418 -0.01383
2014 10  0.55725  0.37292 -0.73066
2014 11  0.15872 -0.03984 -0.42842
2014 12 -0.36161 -0.54860  0.06256
2015  1 -0.00903 -0.31266 -0.46205
2015  2 -0.03070 -0.29049 -0.38079
2015  3  0.95037  0.89959 -0.85223
2015  4  1.24429  1.30531 -0.69556
2015  5  3.02095  2.76516 -2.39134
2015  6  1.59968  1.67186 -1.32290
2015  7  3.76707  3.66736 -3.17020
2015  8  2.32905  2.53892 -1.79352
2015  9  2.18597  2.57461 -1.52897
2015 10  2.30534  2.34068 -2.11831
2015 11  0.95270  1.22143 -0.47259
2015 12  2.05867  2.15445 -1.80595
2016  1  2.26359  1.95557 -2.43778
2016  2  1.73267  1.89134 -1.23320
2016  3  1.18154  1.22013 -0.92056
2016  4  0.98914  0.87827 -0.79476
2016  5  0.07251 -0.22100 -0.45369
2016  6 -0.50999 -0.39624  0.58092
2016  7 -0.95807 -0.67164  1.10963
2016  8 -0.31014 -0.30550  0.27481
2016  9 -1.35389 -1.11960  1.49011
2016 10 -1.22303 -1.10248  1.28171
2016 11 -0.48794 -0.40162  0.56389
2016 12 -0.66701 -0.57268  0.77274
2017  1 -1.00061 -0.89510  1.03019
2017  2 -0.64087 -0.55403  0.68415
2017  3 -0.76160 -0.75231  0.64004
2017  4 -0.42776 -0.40749  0.30172
2017  5 -1.01931 -1.05129  0.64374
2017  6 -0.76059 -0.63955  0.80980
2017  7 -1.37817 -1.39886  1.09339
2017  8 -0.50408 -0.32888  0.63190
2017  9 -1.37199 -1.56814  1.01428
2017 10 -0.67286 -0.58555  0.72891
2017 11 -1.13442 -0.93523  1.30882
2017 12 -0.71703 -0.63877  0.79605
2018  1 -0.84826 -0.68515  0.98734
2018  2 -0.24240 -0.43226 -0.09018
2018  3 -0.47027 -0.54945  0.27920
2018  4 -0.31920 -0.19753  0.38680
2018  5 -0.11709 -0.01987  0.21308
2018  6  0.17841  0.27578 -0.04358
2018  7 -0.05495  0.28642  0.44122
2018  8  0.10955 -0.30413 -0.55229
2018  9  0.11905 -0.17680 -0.44575
2018 10  0.26692  0.39503 -0.10469
2018 11  0.36731  0.28077 -0.45546
2018 12  0.28784  0.29154 -0.26701
2019  1  0.19336 -0.08588 -0.59966
2019  2  1.28877  1.16732 -1.29247
2019  3  1.02280  1.16252 -0.65166
2019  4  0.30068  0.22407 -0.30670
2019  5  1.10183  0.74724 -1.23255
2019  6 -0.31736 -0.45470  0.11928
2019  7  0.75425  0.80872 -0.54824
2019  8  0.59580  0.38917 -0.74639
2019  9  1.11256  0.97715 -1.15919
2019 10  0.27144  0.04829 -0.50708
2019 11  1.02508  1.21547 -0.65040
2019 12  0.45743  0.32527 -0.63091
2020  1  0.42295  0.07402 -0.90643
2020  2  0.65455  0.56988 -0.69244
2020  3 -0.09639 -0.13054  0.03275
2020  4 -0.69421 -0.76025  0.33951
2020  5 -0.52105  0.03786  1.12238
2020  6 -0.69097 -0.51681  0.81039
2020  7 -1.05615 -0.90308  1.03419
2020  8 -0.48873 -0.71394  0.17621
2020  9 -0.70276 -0.51634  0.84758
2020 10 -1.30303 -1.14011  1.40463
2020 11 -0.90166 -0.89899  0.81660
2020 12 -0.89833 -0.70943  1.13329
2021  1 -1.15912 -0.69759  1.71848
2021  2 -0.53245 -0.58126  0.37890
2021  3 -0.91295 -0.79056  0.91923
2021  4 -0.44219 -0.45373  0.26258
2021  5 -1.18542 -0.60479  1.60067
2021  6  0.28266  0.39947 -0.11264
2021  7 -0.60340 -0.76097  0.30615
2021  8 -0.92122 -0.35661  1.42486
2021  9 -1.23097 -0.92454  1.46165
2021 10 -0.56420 -0.57266  0.51863
2021 11 -1.20190 -0.84008  1.60335
2021 12 -1.42537 -1.29048  1.55150
2022  1 -0.33326 -0.46848  0.07949
2022  2 -1.21816 -1.01968  1.35277
2022  3 -0.89207 -0.57600  1.16663
2022  4 -1.12360  0.22466  2.75746
2022  5 -0.90473 -0.38368  1.32908
2022  6 -0.64836  0.31988  1.69710
2022  7 -1.83128 -1.61380  1.73751
2022  8 -1.23034 -0.70229  1.65330
2022  9 -1.16183 -0.87196  1.38028
2022 10 -1.19816 -1.08896  1.24555
2022 11 -0.79040 -0.49512  1.13681
2022 12 -1.23068 -1.09542  1.36770
2023  1 -0.98883 -0.48557  1.63551
2023  2 -9.90000 -9.90000 -9.90000
